51478.27107680425
135536.37301113678
135743.46720807534
135520.76591594794
135441.25249826055
135578.25574848743
135443.15495467052
135479.23316388988
135649.2289666798
135554.5665881842
135658.7580072521
135577.76084656446
135556.70499271792
135632.1567473781
135767.88677354075
135804.96128185463
135639.2687003259
135595.58714609023
135562.9152524248
135440.18723275326
135545.28223065866
135399.98996569132
135457.95144772925
135354.47503871692
135519.8481155225
135681.6895929786
135559.0104620067
135539.2637960087
135630.63074482387
135656.22258944638
135516.9011150648
135635.01409427865
135752.7158582023
135441.48645166005
135448.92634432908
135449.65542003862
135436.61483710507
135693.79042703702
135548.9570284574
135616.96540988644
135553.99551731348
135590.1946195974
135626.08914274213
135570.0003634697
135472.17000370592
135659.06088365422
135734.5935105246
135622.1532588804
135650.2491896197
135662.54888728616
135558.9490864205
135496.86441619872
135455.1836914788
135587.51231475323
135623.44131278264
135325.75387632992
135520.6037601545
135487.44476654773
135587.40565910752
135291.09842435474
135608.5961099094
135584.59527045436
135483.5334445762
135723.81736238167
135666.22538216345
135717.09234229644
135546.0709147054
135616.15026818632
135550.34122373338
135620.98889900837
