6 10000 2 0 0 0 135480400
6 9700 2 0 0 0 135480400
6 9409 2 0 0 0 135480400
6 9126 2 0 0 0 135480400
6 8852 2 0 0 0 135480400
6 8586 2 0 0 0 135480400
6 8328 2 0 0 0 135480400
6 8078 2 0 0 0 135480400
6 7835 2 0 0 0 135480400
6 7599 2 0 0 0 135480400
6 7371 2 0 0 0 135480400
6 7149 2 0 0 0 135480400
6 6934 2 0 0 0 135480400
6 6725 2 0 0 0 135480400
6 6523 2 0 0 0 135480400
6 6327 2 0 0 0 135480400
6 6137 2 0 0 0 135480400
6 5952 2 0 0 0 135480400
6 5773 2 0 0 0 135480400
6 5599 2 0 0 0 135480400
6 5431 2 0 0 0 135480400
6 5268 2 0 0 0 135480400
6 5109 2 0 0 0 135480400
6 4955 2 0 0 0 135480400
6 4806 2 0 0 0 135480400
6 4661 2 0 0 0 135480400
6 4521 2 0 0 0 135480400
6 4385 2 0 0 0 135480400
6 4253 2 0 0 0 135480400
6 4125 2 0 0 0 135480400
6 4001 2 0 0 0 135480400
6 3880 2 0 0 0 135480400
6 3763 2 0 0 0 135480400
6 3650 2 0 0 0 135480400
6 3540 2 0 0 0 135480400
6 3433 2 0 0 0 135480400
6 3330 2 0 0 0 135480400
6 3230 2 0 0 0 135480400
6 3133 2 0 0 0 135480400
6 3039 2 0 0 0 135480400
6 2947 2 0 0 0 135480400
6 2858 2 0 0 0 135480400
6 2772 2 0 0 0 135480400
6 2688 2 0 0 0 135480400
6 2607 2 0 0 0 135480400
6 2528 2 0 0 0 135480400
6 2452 2 0 0 0 135480400
6 2378 2 0 0 0 135480400
6 2306 2 0 0 0 135480400
6 2236 2 0 0 0 135480400
6 2168 2 0 0 0 135480400
6 2102 2 0 0 0 135480400
6 2038 2 0 0 0 135480400
6 1976 2 0 0 0 135480400
6 1916 2 0 0 0 135480400
6 1858 2 0 0 0 135480400
6 1802 2 0 0 0 135480400
6 1747 2 0 0 0 135480400
6 1694 2 0 0 0 135480400
6 1643 2 0 0 0 135480400
6 1593 2 0 0 0 135480400
6 1545 2 0 0 0 135480400
6 1498 2 0 0 0 135480400
