1 51406 0 2 0 20705 2892 
2 51406 0 2 0 20705 2892 
3 9996 4 2 2 20705 2892 
1 84152 1 4 1 21040 10485 
2 135558 0 4 0 21040 10485 
3 9992 4 2 2 21040 10485 
1 0 1 0 1 20695 8029 
2 135558 0 0 0 20695 8029 
3 9988 4 2 2 20695 8029 
1 20388 0 1 0 20390 6287 
2 135558 0 0 0 20390 6287 
3 9984 4 2 2 20390 6287 
1 41156 0 1 0 20770 5871 
2 135558 0 0 0 20770 5871 
3 9980 4 2 2 20770 5871 
1 0 1 0 1 20799 5941 
2 135558 0 0 0 20799 5941 
3 9976 4 2 2 20799 5941 
1 0 0 0 0 21795 9431 
2 135558 0 0 0 21795 9431 
3 9972 4 2 2 21795 9431 
1 21978 0 1 0 21980 15835 
2 135558 0 0 0 21980 15835 
3 9968 4 2 2 21980 15835 
1 21978 0 0 0 22175 7362 
2 135558 0 0 0 22175 7362 
3 9964 4 2 2 22175 7362 
1 21978 0 0 0 22225 10770 
2 135558 0 0 0 22225 10770 
3 9960 4 2 2 22225 10770 
1 21978 0 0 0 22135 6545 
2 135558 0 0 0 22135 6545 
3 9956 4 2 2 22135 6545 
1 21978 0 0 0 22080 6720 
2 135558 0 0 0 22080 6720 
3 9952 4 2 2 22080 6720 
1 21978 0 0 0 23170 9196 
2 135558 0 0 0 23170 9196 
3 9948 4 2 2 23170 9196 
1 21978 0 0 0 23850 15101 
2 135558 0 0 0 23850 15101 
3 9944 4 2 2 23850 15101 
1 21978 0 0 0 23850 21867 
2 135558 0 0 0 23850 21867 
3 9940 4 2 2 23850 21867 
1 21978 0 0 0 22535 14992 
2 135558 0 0 0 22535 14992 
3 9936 4 2 2 22535 14992 
1 21978 0 0 0 22380 29758 
2 135558 0 0 0 22380 29758 
3 9932 4 2 2 22380 29758 
1 21978 0 0 0 22770 6329 
2 135558 0 0 0 22770 6329 
3 9928 4 2 2 22770 6329 
1 21978 0 0 0 22475 8312 
2 135558 0 0 0 22475 8312 
3 9924 4 2 2 22475 8312 
1 21978 0 0 0 22180 5005 
2 135558 0 0 0 22180 5005 
3 9920 4 2 2 22180 5005 
1 21978 0 0 0 22235 4185 
2 135558 0 0 0 22235 4185 
3 9916 4 2 2 22235 4185 
1 21978 0 0 0 22735 4553 
2 135558 0 0 0 22735 4553 
3 9912 4 2 2 22735 4553 
1 21978 0 0 0 22850 3914 
2 135558 0 0 0 22850 3914 
3 9908 4 2 2 22850 3914 
1 21978 0 0 0 22840 2888 
2 135558 0 0 0 22840 2888 
3 9904 4 2 2 22840 2888 
1 21978 0 0 0 22920 4437 
2 135558 0 0 0 22920 4437 
3 9900 4 2 2 22920 4437 
1 21978 0 0 0 23400 9042 
2 135558 0 0 0 23400 9042 
3 9896 4 2 2 23400 9042 
1 21978 0 0 0 22740 8025 
2 135558 0 0 0 22740 8025 
3 9892 4 2 2 22740 8025 
1 21978 0 0 0 23280 6473 
2 135558 0 0 0 23280 6473 
3 9888 4 2 2 23280 6473 
1 21978 0 0 0 23400 8547 
2 135558 0 0 0 23400 8547 
3 9884 4 2 2 23400 8547 
1 21978 0 0 0 23235 8450 
2 135558 0 0 0 23235 8450 
3 9880 4 2 2 23235 8450 
1 21978 0 0 0 23225 8835 
2 135558 0 0 0 23225 8835 
3 9876 4 2 2 23225 8835 
1 21978 0 0 0 23370 6903 
2 135558 0 0 0 23370 6903 
3 9872 4 2 2 23370 6903 
1 21978 0 0 0 23450 4934 
2 135558 0 0 0 23450 4934 
3 9868 4 2 2 23450 4934 
1 21978 0 0 0 23930 6792 
2 135558 0 0 0 23930 6792 
3 9864 4 2 2 23930 6792 
1 21978 0 0 0 24270 4713 
2 135558 0 0 0 24270 4713 
3 9860 4 2 2 24270 4713 
1 21978 0 0 0 24495 5544 
2 135558 0 0 0 24495 5544 
3 9856 4 2 2 24495 5544 
1 21978 0 0 0 24485 9730 
2 135558 0 0 0 24485 9730 
3 9852 4 2 2 24485 9730 
1 21978 0 0 0 24490 7298 
2 135558 0 0 0 24490 7298 
3 9848 4 2 2 24490 7298 
1 21978 0 0 0 24275 14093 
2 135558 0 0 0 24275 14093 
3 9844 4 2 2 24275 14093 
1 21978 0 0 0 24215 9595 
2 135558 0 0 0 24215 9595 
3 9840 4 2 2 24215 9595 
1 21978 0 0 0 24225 8567 
2 135558 0 0 0 24225 8567 
3 9836 4 2 2 24225 8567 
1 21978 0 0 0 25350 6556 
2 135558 0 0 0 25350 6556 
3 9832 4 2 2 25350 6556 
1 21978 0 0 0 26000 9069 
2 135558 0 0 0 26000 9069 
3 9828 4 2 2 26000 9069 
1 21978 0 0 0 27110 15289 
2 135558 0 0 0 27110 15289 
3 9824 4 2 2 27110 15289 
1 21978 0 0 0 29130 12449 
2 135558 0 0 0 29130 12449 
3 9820 4 2 2 29130 12449 
1 21978 0 0 0 50300 24013 
2 135558 0 0 0 50300 24013 
3 9816 4 2 2 50300 24013 
1 21978 0 0 0 48063 8853 
2 135558 0 0 0 48063 8853 
3 9812 4 2 2 48063 8853 
1 21978 0 0 0 48048 3 
2 135558 0 0 0 48048 3 
3 9808 4 2 2 48048 3 
1 21978 0 0 0 48033 3 
2 135558 0 0 0 48033 3 
1 21978 0 0 0 48033 3 
2 135558 0 0 0 48033 3 
1 21978 0 0 0 48002 3 
2 135558 0 0 0 48002 3 
1 21978 0 0 0 47986 3 
2 135558 0 0 0 47986 3 
1 21978 0 0 0 45590 206 
2 135558 0 0 0 45590 206 
1 21978 0 0 0 41945 9 
2 135558 0 0 0 41945 9 
1 21978 0 0 0 36915 114 
2 135558 0 0 0 36915 114 
1 21978 0 0 0 31380 138 
2 135558 0 0 0 31380 138 
1 21978 0 0 0 28485 16386 
2 135558 0 0 0 28485 16386 
1 21978 0 0 0 32380 3538 
2 135558 0 0 0 32380 3538 
1 21978 0 0 0 37235 2455 
2 135558 0 0 0 37235 2455 
1 21978 0 0 0 36300 3729 
2 135558 0 0 0 36300 3729 
1 21978 0 0 0 33000 1627 
2 135558 0 0 0 33000 1627 
1 21978 0 0 0 31900 2708 
2 135558 0 0 0 31900 2708 
1 21978 0 0 0 32575 1400 
2 135558 0 0 0 32575 1400 
1 21978 0 0 0 32100 1908 
2 135558 0 0 0 32100 1908 
1 21978 0 0 0 34000 1903 
2 135558 0 0 0 34000 1903 
1 21978 0 0 0 32700 1491 
2 135558 0 0 0 32700 1491 
1 21978 0 0 0 33610 1647 
2 135558 0 0 0 33610 1647 
1 21978 0 0 0 33430 1901 
2 135558 0 0 0 33430 1901 
1 21978 0 0 0 33870 1768 
2 135558 0 0 0 33870 1768 
1 21978 0 0 0 34000 1467 
2 135558 0 0 0 34000 1467 
