72114.63511998346
72115.11527170363
72114.30632142218
72115.66807463072
72113.70552438225
72115.53487485702
72115.98189811138
72115.00769662806
72116.02345073264
72113.2523310552
72115.6976623534
72113.46083924457
72112.89015773206
72115.12549608143
72115.80815786048
72115.08104172644
72115.11470393263
72114.92375470979
72114.36570881493
72113.53265219551
72113.38231537794
72113.95835858023
72116.74011277092
72114.85724873116
72115.22021197369
72114.81243190344
72114.90587816494
72113.85775358074
72114.97816567436
72113.92811572102
72113.96028764175
72116.91193833735
72116.60885260956
72115.48161906637
72113.75068929337
72114.31336227337
72117.6224184709
72114.52649291014
72116.06363697775
72116.076653228
72116.8421421605
72116.65772421485
72114.71706943399
72115.20177742786
72113.20959195922
72115.21495239525
72117.11929220072
72116.51606368618
72116.58224336393
72114.19007057205
72114.36033187006
72115.65647320487
72113.49109124116
72115.07249714031
72115.21006719509
72114.25206240144
72115.32960280041
72114.59054862616
72113.88813163628
72115.16064796326
72115.92630201869
72115.7274975072
72114.13367695171
72114.32121601664
72114.65244679706
72116.05448610615
72115.80293585063
72115.49991453081
72114.27659710817
72113.37625339885
